Accuracy: 0.9689

Classification Report:
              precision    recall  f1-score   support

           0       0.91      0.93      0.92       123
           1       0.88      0.86      0.87        87
           2       0.88      0.82      0.85        55
           3       0.91      0.85      0.88       116
           4       0.91      0.92      0.92       101
           5       0.88      0.89      0.89       103
           6       0.90      0.94      0.92       157
           7       0.92      0.92      0.92       249
           8       0.91      0.92      0.91       131
           9       0.92      0.91      0.91       106
          10       0.97      0.92      0.94       195
          11       0.96      0.95      0.96       461
          12       0.96      0.94      0.95       486
          13       0.93      0.94      0.93       519
          14       0.94      0.94      0.94       736
          15       0.95      0.96      0.95      1176
          16       0.94      0.95      0.94       681
          17       0.98      0.96      0.97      1168
          18       0.97      0.97      0.97      2967
          19       0.92      0.89      0.91       890
          20       0.93      0.94      0.93      1343
          21       0.99      1.00      1.00     10694

    accuracy                           0.97     22544
   macro avg       0.93      0.92      0.93     22544
weighted avg       0.97      0.97      0.97     22544
